 1853  1948  1798  1395  1796  1768  1890  1530  1781  1902  1801  1942  1589  1734  1711  1808  1792  1916  2035  1856  1711  1832  1836  1567  1860  1715  1762  1871  1747  1773  1786  2066  1937  1795  1787  1723  1898  1697  1479  1969  1942  1893  1975  1936  2054  1731  1760  1582  2057  1792  1552  1599  1880  2043  1741  1642  1695  1809  1549  1775  1913  1976  2077  1928  2155  1950  1718  1880  2036  1810  1730  2062  2046  1866  1879  1831  1741  1713  2019  1784  1756  1917  1874  1704  1686  1781  1934  2144  1881  1897  1856  1934  1727  1976  1685  1789  1687  1725  1763  1887
 2374  2109  2189  1845  2171  2113  2297  2006  2264  2143  2066  2212  2063  2155  2065  2260  1811  2002  2250  2285  2011  2135  2196  2034  2231  2023  2212  1948  1908  2181  2226  2217  2305  2318  2185  1964  2057  2090  1818  2232  2056  2457  2100  2193  2173  2011  2313  2021  2469  2073  1810  2097  2168  2516  1920  1989  1950  2281  1979  2189  2061  2372  2419  2098  2562  2269  2051  2411  2252  2401  2344  2617  2323  2036  2169  2053  2131  2243  2527  2018  2283  2224  2020  2155  2089  2234  2041  2315  2215  2540  2066  2144  2203  1999  2173  2099  1994  2139  2195  2112
 2108  1821  1977  1734  2070  2017  2345  1775  2189  2226  2056  2119  2071  1868  1942  2147  1802  2015  2066  2239  2102  1962  2096  1758  1997  1890  1878  1740  1818  2094  2087  2106  2152  2122  1961  1821  2055  1830  1632  2300  2029  2232  2003  2193  2125  1874  2071  1886  2292  2003  1714  1762  2041  2427  1892  2035  1829  2139  1852  2016  2026  2148  2178  2075  2447  2155  2019  2272  1867  2387  2087  2332  2187  2058  2158  1999  2030  2105  2321  1891  2098  2054  1913  2055  2037  2152  2069  2233  2316  2411  2157  1961  2158  1983  1985  2059  1801  2175  1959  1996
 2205  1895  1890  1733  1863  2002  2004  1786  1987  2277  2084  1938  1882  1710  1926  2016  1794  1977  2121  2130  1975  1994  1913  1822  2087  1899  2029  1725  1901  1889  1975  2146  2034  2178  1970  1873  2102  1996  1735  2125  1964  2064  2010  2185  2210  1771  2028  1893  2217  1953  1848  1754  2145  2256  1882  1823  1824  2021  1778  1950  1898  2261  2236  2012  2301  2012  1942  2099  1908  2082  2087  2268  2214  1956  1995  2031  1968  2105  2194  1904  1998  2042  1822  1993  1921  2030  2077  2221  2079  2281  2081  1993  1996  2169  2067  1954  1783  1938  2106  2040
 2078  1849  1960  1638  1852  1783  2167  1690  1880  2118  1778  1922  1880  1898  1894  1955  1623  2012  2017  2053  1788  1870  1965  1810  1910  1718  2069  1849  1885  2028  2196  2196  2046  1905  1869  1779  2009  1909  1730  2020  2105  2135  1980  2150  2042  1726  1900  1930  2128  1910  1515  1823  2029  2292  1634  1734  1964  2094  1789  1884  1972  2161  2240  1942  2388  2190  1956  2282  2014  2008  1842  2248  2183  1987  2005  1946  2017  1862  2090  2024  1988  2123  1648  1920  1911  1918  2040  2106  2043  2335  2054  1980  1960  1997  1985  1904  1956  2013  2075  1768
 2228  2066  2306  1892  1936  2027  2439  1883  2043  2188  2064  1978  1962  1975  2014  1994  1845  2193  2253  2118  2100  2016  2040  1922  2090  1864  2114  1807  1894  2115  2134  2385  2191  2062  2147  1944  2016  2087  1673  2069  1987  2268  2021  2198  2206  1912  2026  1824  2355  1906  1568  1933  2138  2283  1940  2108  1788  2214  2017  2042  2194  2355  2398  2042  2496  2288  1997  2283  2145  2111  2108  2479  2232  2164  2163  2048  2127  2118  2232  1883  2081  2062  1910  2119  1921  2185  2131  2274  2172  2483  2017  2238  2184  2115  1935  2051  1997  1972  2120  2131
 2442  2108  2259  1923  2240  2097  2417  1905  2213  2280  2318  2148  2077  2146  2025  2260  2112  2082  2331  2315  2058  2111  2257  2023  2355  2001  2145  2021  2010  2399  2305  2216  2307  2326  2191  2014  2307  1967  1951  2251  2304  2413  2310  2316  2195  2026  2275  2227  2508  2018  2042  1928  2219  2517  2098  1972  1814  2325  1953  2212  2118  2283  2304  2135  2523  2193  2220  2237  2279  2281  2103  2599  2311  2237  2327  2121  2242  2167  2305  2218  2227  2246  2066  2073  2226  2171  2233  2538  2357  2466  2126  2093  2230  2285  2407  2283  2093  2102  2179  2194
 2438  2239  2194  1981  2281  2110  2309  2068  2146  2369  2157  2241  2158  2027  2137  2209  2004  2053  2288  2292  1982  2175  2340  1991  2213  2104  2260  2037  2023  2263  2424  2129  2297  2217  2123  1934  2246  2153  1859  2230  2206  2430  2156  2290  2305  1887  2146  1969  2477  2074  1786  2041  2347  2574  2108  2061  1703  2305  1991  2318  2093  2503  2532  2140  2455  2228  2027  2470  2138  2314  2263  2527  2383  2084  2263  2129  2263  2104  2568  2074  2235  2498  2096  2110  2108  2274  2222  2506  2284  2622  2181  2223  2064  2220  2141  2010  2164  2209  2312  1975
 2239  2068  2017  1786  2115  2133  2235  1864  2225  2345  2172  2058  2021  1954  1947  2259  2027  2079  2326  2107  2285  2060  2230  1852  2114  1873  2118  2023  1896  2351  2118  2174  2100  2081  2007  1984  2114  2054  1737  2378  2266  2361  2326  2228  2188  2096  2064  2007  2430  1866  1933  1873  2244  2458  1982  1802  1879  2358  1879  2267  2181  2349  2065  2244  2693  2372  2044  2276  2082  2228  2234  2361  2162  2066  2187  2166  2262  2182  2411  2192  2094  2210  2026  2087  2183  2094  2115  2412  2254  2456  2128  2229  2231  2233  2051  2069  1961  2062  2252  2192
 2137  2008  2130  1873  1899  1954  2098  1902  2111  2045  2136  2106  2033  2024  2043  2059  1680  2100  2218  2085  1836  2074  2104  2051  2192  1767  2075  1992  1955  1883  2144  2212  2069  2166  2152  1982  1977  1959  1826  2260  1987  2236  2093  2026  2030  1814  2013  1903  2485  2066  1717  1808  2075  2198  1833  1897  1953  2062  1950  2080  2074  2325  2457  2039  2508  2174  2050  2049  2146  2133  2116  2366  2323  2075  2234  1971  2145  2024  2382  1962  2191  2105  1767  1997  1940  2077  2173  2195  2223  2403  2064  2107  1982  2116  2109  2198  2024  2073  2137  2025
 2186  2044  2005  1731  2061  1997  2251  1832  2116  2292  1968  2005  1933  2016  1876  1911  1838  2091  2036  2061  1938  2039  1979  1753  2062  2017  2172  1718  1861  2157  2093  2231  2280  2181  2026  1940  2144  1904  1797  2076  2022  2296  1894  2293  2217  1809  1970  1990  2306  2068  1816  1734  2220  2386  1852  1965  1614  2235  1745  2195  1948  2248  2433  1998  2274  2167  2046  2297  2060  2226  2022  2264  2195  1996  2089  2035  2204  1932  2314  2037  1991  2177  1949  2040  1908  2175  1972  2372  2152  2180  2058  2158  2068  2116  2049  2113  1918  2053  2149  1931
 2202  1975  2071  1750  2129  1937  2039  1814  2080  2060  2033  2172  1976  2173  1963  1962  1864  1978  2324  2062  1915  2107  2058  1880  2240  1798  2135  1945  1763  2034  2124  2145  2206  2146  2035  1897  2093  1897  1734  2225  2115  2236  2087  1937  1974  1793  1918  2083  2469  1950  1736  1929  2067  2254  1816  1947  1792  2010  1839  2182  1859  2306  2304  1912  2293  2211  1896  2167  1987  2181  2041  2392  2231  2039  2182  2007  2164  1952  2176  1952  2028  2062  1740  1986  1962  2170  2163  2275  2146  2201  2112  1963  2158  2147  2001  2240  2144  1895  1993  2028
 2242  2140  2072  1834  2062  1925  2158  1812  2001  2115  1916  2165  1847  1954  1999  2145  1833  2010  2171  1933  2015  1984  2049  1746  2133  1925  1998  1899  1880  1998  2004  1996  2088  2122  1950  1957  2048  1975  1655  2139  1895  1986  1961  1968  2178  1851  1981  1843  2253  1855  1555  1754  2092  2193  1757  1942  1733  2142  1681  2144  1968  2175  2167  2049  2266  2201  1885  2323  2014  1923  2016  2179  2156  1882  2188  1904  2003  1780  2290  1904  2005  2164  1701  2065  1802  2080  1833  2368  2032  2150  1997  1958  2116  1904  1841  1995  1882  1956  1982  2000
 1904  1808  1878  1697  1755  1647  2160  1535  1839  2075  1846  1998  1783  1750  1992  1920  1695  1856  2031  1831  1777  1878  1776  1577  1855  1509  1837  1765  1615  1857  1920  2039  1962  1850  1731  1833  1851  1752  1431  2071  1838  2118  2008  2095  1965  1585  1771  1805  2127  1761  1585  1669  1964  2217  1742  1736  1698  1847  1761  1739  1769  2068  1980  1848  2127  2025  1730  2116  1878  1831  2015  2205  1938  1842  2029  1683  1727  1754  2028  1777  1795  1790  1606  1865  1758  1825  1947  1933  2103  2303  1811  1648  1831  2027  1843  1913  1816  1918  1939  1814
 2220  1896  1861  1695  2015  1869  2127  1725  1931  1896  1914  1982  1796  1847  1913  2011  1660  1972  2124  1955  1930  1943  1920  1891  1971  1777  1907  1783  1821  2065  2186  1927  1948  1907  1844  1891  1957  1835  1548  2304  1949  1982  2179  1971  1868  1756  1998  1803  2084  1742  1571  1693  2093  2050  1719  1719  1768  1972  1755  1939  2070  2041  2130  2033  2365  2111  1875  1954  2094  1940  2048  2161  2133  1895  2194  1886  1919  1829  2232  1979  1991  2187  1828  1895  1885  1792  1942  2236  1934  2221  1989  1914  2078  1852  1903  1830  1791  1979  2171  1890
 2497  2199  2173  1931  2234  2151  2461  1884  2180  2303  2193  2326  1974  2139  2346  2153  2174  2251  2376  2214  2059  2262  2196  1896  2487  1968  2129  2208  2001  2219  2191  2259  2330  2299  2081  2101  2263  2135  1896  2430  2250  2359  2343  2412  2268  2003  2190  2052  2596  2012  1785  2052  2282  2456  2014  1959  2085  2189  2014  2273  2315  2419  2475  2155  2548  2279  2327  2382  2187  2328  2178  2492  2402  2234  2316  2213  2466  2246  2486  2395  2345  2275  2124  2200  1980  2214  2239  2497  2362  2427  2227  2392  2262  2442  2065  2271  2085  2172  2348  2323
 2144  1841  1958  1695  1893  1788  1999  1730  2004  2054  1922  2124  1811  1882  1947  1950  1701  2064  2022  1984  2009  2114  1988  1603  1873  1701  1926  1654  1701  2003  2063  2106  2117  2149  1899  1957  1933  1847  1646  2134  1880  2121  2002  2081  2001  1676  1915  1884  2173  1881  1721  1913  2118  2325  1783  1925  1861  2110  1757  2053  1882  2285  2161  1951  2413  2172  1901  2266  1899  2114  2160  2181  2059  1895  2117  1877  1986  1991  2401  1956  2055  2135  1742  1890  1830  2074  1978  2070  1994  2273  2230  2032  2075  2114  1986  1950  1888  1981  2194  1932
 2266  1780  1962  1734  2055  1864  2099  1748  2029  2109  1815  1912  1928  1988  2071  1967  1639  1967  2133  2098  1768  1957  2015  1746  1928  1663  1844  1751  1621  1970  1951  2084  1968  1966  1975  1987  2136  1880  1565  2152  1970  2123  1969  2119  2077  1782  2009  1874  2263  1901  1812  1772  1982  2298  1722  1762  1798  2060  1800  2000  1995  2021  2144  2055  2299  2189  1939  2256  1921  2030  1991  2231  2132  1896  2098  1970  2124  1979  2141  1985  2046  1993  1908  1936  1924  2057  1967  2115  2211  2192  1897  1964  1935  1988  1718  2046  1885  1949  2213  1946
 2056  1916  1941  1705  2051  2001  2112  1836  2009  2094  2103  1969  2017  2007  1849  2199  1740  2181  2226  1892  1959  2007  2038  1727  1964  1938  2187  1995  1780  1901  2126  2006  2137  2124  1998  2073  2061  1860  1552  2289  1959  1995  2078  2192  1926  1956  2021  1934  2257  1733  1714  1877  2052  2150  1827  1729  1980  2251  1898  2111  2064  2223  2267  1981  2320  2265  2164  2020  2078  2067  1988  2226  2257  1991  2224  1868  2145  1961  2262  2151  2139  2255  1804  1988  1897  2101  2108  2187  2143  2293  2065  2067  2065  2041  2039  1974  1761  2115  2288  1982
 1974  1876  1812  1627  1741  1855  2165  1569  1868  2000  1776  1839  1917  1841  1891  1940  1583  1782  1936  1824  1815  1871  1849  1510  1910  1582  1838  1729  1693  1732  1810  1995  1875  1942  1802  1838  1936  1717  1441  1995  1851  1839  1840  2037  1991  1685  1996  1853  2086  1816  1524  1698  1955  2178  1704  1867  1621  1936  1788  1794  1947  2024  2159  1785  2079  1970  1724  1946  1829  1830  1948  2208  2039  1958  1999  1790  1851  1783  2013  1792  1776  1873  1738  1747  1824  1905  1949  2129  1993  2188  1908  1788  1822  1835  1803  1919  1788  1836  1869  1806
 1828  1591  1573  1429  1811  1610  1950  1550  1701  1846  1592  1716  1793  1685  1594  1803  1652  1718  1838  1718  1606  1833  1829  1504  1751  1543  1768  1796  1469  1789  1960  1775  2016  1719  1765  1639  1670  1747  1507  1737  1731  1997  1703  1820  1720  1646  1825  1655  1932  1549  1426  1651  1641  1999  1484  1543  1674  1851  1565  1730  1773  1985  1950  1790  2228  1907  1896  1918  1850  2054  1747  2140  1993  1772  1927  1687  1758  1620  2074  1836  2001  2009  1625  1739  1795  1799  1805  1900  1823  2317  1835  1725  1785  1942  1684  1712  1706  1675  1743  1712
 2311  1881  1988  1782  1939  1950  2207  1811  2022  2135  1947  2047  1857  2039  1985  2138  1884  1969  2081  2118  1937  1965  2255  1801  2004  1886  2203  1884  1777  2091  1995  2294  2098  2247  2004  1948  2132  1896  1784  2095  1929  2196  2142  2301  2218  2039  2006  1819  2264  2077  1764  1874  2257  2394  1682  1923  1893  2047  1916  1932  2131  2111  2210  2052  2463  2160  1902  2420  2087  2226  2016  2316  2238  2028  2147  1995  2173  1981  2403  2051  2124  2101  1875  2050  2098  2213  2076  2255  2115  2259  2085  2133  2067  2099  2030  2005  1906  2093  2246  2052
 1803  1746  1534  1372  1725  1626  1785  1422  1611  1697  1595  1709  1599  1606  1823  1773  1542  1676  1717  1529  1574  1593  1643  1496  1713  1471  1714  1486  1610  1715  1712  1654  1756  1635  1676  1480  1647  1681  1360  1860  1660  1841  1859  1795  1743  1499  1674  1478  1799  1642  1247  1382  1817  1834  1401  1418  1521  1771  1443  1760  1698  1760  1941  1735  1974  1686  1735  1885  1765  1634  1614  1790  1769  1505  1600  1718  1805  1501  2006  1804  1717  1792  1469  1781  1556  1616  1606  1808  1809  2005  1590  1697  1629  1616  1540  1650  1600  1742  1761  1558
 2258  2015  1912  1678  1975  2007  2082  1866  2084  2136  1954  2061  2003  2047  2048  2020  1815  2023  2109  2047  2063  2061  2134  1811  2161  1739  2140  1884  1944  1968  2115  2213  2154  2218  2097  2037  2068  1944  1834  2236  2131  2193  2048  2142  2010  1790  1986  2011  2322  1821  1674  1955  1950  2380  1833  1777  1852  2042  1847  1927  2005  2271  2355  2013  2439  2098  2128  2128  2187  2078  1971  2342  2257  1980  2195  1933  1986  1977  2217  2211  2149  2172  1706  1920  2012  2077  2062  2144  1937  2373  2102  2046  1982  2024  2113  2074  2005  1967  2211  1874
 1921  1859  1759  1721  1875  1782  1913  1698  1859  1950  1879  1799  1897  1850  1627  1992  1505  1875  2034  1638  1801  1769  1985  1765  1903  1803  2006  1789  1648  1965  1909  1842  1812  1968  1753  1869  1802  1673  1574  2052  1760  2128  1917  1939  1729  1902  1910  1945  2087  1798  1575  1571  1851  2067  1637  1795  1425  2108  1636  1900  1893  2102  2003  1791  2220  1965  1772  1928  1879  1973  1828  2201  1924  1732  2018  1810  2009  1800  2047  1793  1836  2007  1729  1996  1914  1814  1887  2207  2001  2040  1761  1936  1814  1764  1760  2021  1745  1995  1777  1839
 2054  1768  1822  1687  1813  1740  1970  1641  2008  1999  1952  1935  1768  1712  1808  2038  1691  1921  2098  2003  1735  1889  1970  1601  1812  1764  1898  1736  1758  1864  1885  1985  2032  2036  1784  1869  2074  1886  1562  2112  1827  2004  1793  2004  2186  1795  1947  1713  2074  1697  1647  1699  1933  2078  1706  1721  1777  2048  1646  1901  1932  2088  2012  1911  2177  2089  1738  1994  1900  1937  1948  2139  2150  1922  2069  1913  2100  1851  2287  1928  1994  1971  1866  1760  1866  1880  2025  1929  2011  2104  1921  1887  1827  1845  1860  1784  1787  1937  2174  1905
 2039  1830  1902  1694  1961  1756  1971  1577  1939  1970  1905  1845  1865  1802  1766  1866  1595  1771  2020  1721  1978  1833  1780  1619  1876  1665  1883  1791  1749  2022  1909  1970  1867  1918  1812  1844  1929  1809  1512  2183  2049  2147  2065  1958  1905  1856  2079  1917  2097  1862  1743  1714  2010  2234  1762  1880  1671  2127  1708  2037  1918  2109  2156  1935  2217  2126  1818  1981  1836  1983  1738  2060  2011  1988  1993  1876  1906  2001  2256  1747  1928  2113  1713  1818  1821  1837  1922  2289  2015  2100  1894  2010  1845  1817  1868  1977  1833  1905  2010  1931
 2110  2077  1952  1693  2112  1978  2110  1700  2139  2197  2098  2241  1983  2047  1939  2009  1897  2022  2205  2019  2062  2083  2065  1922  2152  1825  2040  1950  1718  2065  2053  2255  2123  2007  1967  2020  2121  1900  1676  2283  2138  2347  1985  1998  2170  1919  2034  2092  2328  1833  1828  1921  1982  2472  2090  1939  1843  2071  1973  2110  1874  2290  2332  2102  2529  2339  2019  2196  1966  2182  2075  2271  2281  2062  2275  1998  2183  1985  2308  2073  2063  2100  1847  1974  2159  2271  2125  2193  2245  2330  2035  1983  2078  2226  1921  2133  2118  1992  2076  1935
 2062  1774  1736  1527  1884  1721  1915  1533  1953  1982  1712  1769  1826  1676  2007  1980  1544  1744  1927  1827  1698  1944  2006  1624  1897  1638  1974  1781  1644  1859  1947  1932  1998  1841  1706  1608  1912  1752  1612  1996  1835  1966  1832  1962  1914  1728  1955  1643  2199  1514  1640  1782  1737  2192  1793  1613  1626  1883  1534  1820  1800  2139  2159  1856  2239  2058  1785  1984  1873  1921  1843  2094  2170  1892  1897  1873  1854  1713  2194  1933  2007  2072  1740  1818  1819  1787  1878  2046  1876  2295  1876  1836  1914  1938  1662  1544  1657  1812  2038  1740
 2200  1893  2035  1691  1924  1808  2011  1732  1980  1931  1873  1863  1808  1870  1969  2002  1669  1801  1891  1950  1973  1753  2118  1693  1894  1657  1812  1710  1629  2084  2016  1982  1999  1986  1858  1935  2185  1801  1654  2072  1989  1891  2017  2149  1809  1743  1904  1892  2231  1861  1546  1762  1927  2208  1750  1716  1703  2088  1766  2065  1864  2140  2315  1990  2210  1986  1991  2086  1899  2053  1995  2123  2029  1978  2148  1935  1902  1944  2101  1760  1965  2197  1841  1788  1782  2034  1774  2254  1978  2039  2031  2028  2000  1992  1686  1883  1838  1939  2096  1900
 2222  1852  1994  1519  1898  1780  2113  1890  2028  2079  1943  1967  1894  1757  1937  2190  1957  1967  2221  2126  1975  1937  2208  1811  2011  1747  1974  1832  1820  2156  2110  2014  2186  1912  1935  1841  2014  1892  1602  2237  2141  2210  2127  2064  2168  1834  2053  1703  2167  1843  1695  1770  2037  2229  1763  1750  1695  2118  1846  1890  2098  1978  2051  2160  2335  2174  1923  2035  1936  2191  2042  2418  2218  2025  1936  1915  2038  2045  2256  2226  2108  2114  1856  1828  2074  1797  2028  2137  2199  2283  2041  2127  1963  2071  1888  1891  1866  2019  2094  1984
 2045  1948  1848  1673  1841  1817  2108  1595  2051  1885  1874  1984  1851  2027  1823  1932  1787  1853  2081  1847  1858  1972  1984  1748  1974  1753  1852  1740  1772  1928  1904  2124  2051  2017  1931  1954  1914  1909  1644  2035  1898  2067  2009  2099  2040  1751  2003  1841  2157  1762  1689  1813  2045  2180  1627  1771  1706  2045  1802  1967  2012  2061  2256  1774  2318  2017  1818  2028  1977  2199  1901  2178  1922  1877  2087  2012  2025  1974  2216  1847  2083  2045  1858  2004  1791  2089  1831  1979  2015  2227  1941  2005  1814  2003  1887  1932  1945  1917  2089  1904
 2139  1755  1951  1761  1937  1893  2206  1749  2090  2030  2023  2077  2019  1791  2154  2180  1784  1925  2073  2031  1975  2009  2115  1634  2137  1802  1904  1892  1825  1917  1944  2090  2122  2179  1910  2049  2206  1889  1705  2143  1938  1999  2121  2208  2059  1840  2031  1880  2300  1997  1854  1830  1959  2331  1718  1843  2027  2129  1855  2144  1994  2259  2188  2057  2395  2163  2163  2086  1990  2008  2027  2286  2195  2082  2217  2038  2032  2087  2385  2020  2191  2162  1845  1915  1934  2093  2025  2279  2138  2368  2213  1998  1991  2236  2017  2049  1860  2192  2127  2180
 2303  2123  2157  1876  2287  2081  2355  1974  2246  2329  2116  2195  1983  2211  2223  2156  2100  2211  2350  2124  2071  2202  2273  1828  2350  2136  2231  2227  1916  2247  2172  2287  2351  2300  2225  2148  2393  2109  1877  2399  2237  2403  2191  2401  2236  2109  2363  2191  2521  2119  2036  1931  2326  2453  2142  2011  1983  2417  1943  2233  2241  2573  2520  2262  2664  2535  2194  2326  2368  2316  2169  2424  2366  2203  2135  2157  2186  2196  2645  2292  2314  2429  2038  2299  2136  2387  2367  2574  2407  2361  2267  2356  2317  2246  2207  2229  1975  2217  2335  2223
 2212  2163  2102  1816  2019  2013  2376  1840  2295  2417  2101  2141  2149  2009  1933  2251  1948  2161  2438  2190  2142  2035  2214  2015  2381  2023  2204  2024  2048  2253  2324  2341  2318  2168  2306  1975  2279  2179  1841  2328  2144  2486  2247  2438  2227  1993  2333  1982  2317  2192  1928  1989  2152  2592  2058  1815  2095  2230  1997  2274  2073  2476  2516  2239  2439  2428  2098  2252  2284  2332  2062  2509  2337  2403  2183  2279  2256  2319  2457  2147  2291  2388  2010  2181  1973  2221  2317  2389  2359  2503  2194  2221  2147  2156  2220  2043  2117  2157  2302  2139
 2177  1988  1826  1790  2036  1958  1898  1665  1895  2160  1901  1970  1781  1926  1848  1961  1796  1926  2155  2047  1945  1829  2008  1858  1883  1724  1971  1970  1672  1973  2057  2026  2178  1946  2017  1765  1886  1914  1651  2177  2042  2162  2004  1964  2072  2006  2036  1893  2204  1835  1807  1883  1976  2212  1868  1878  1743  2122  2028  1956  1952  2126  2265  2047  2391  2175  1985  2109  1985  2110  2052  2377  2284  1937  2074  2098  2063  1737  2226  1816  2087  2051  1906  1929  2016  2036  2023  2229  2166  2255  1779  1927  1913  2119  1731  2082  1984  1780  2111  1844
 2173  1985  2080  1803  1944  1863  2092  1852  2020  2150  1958  1989  2060  2022  2118  2032  1698  2019  2114  2168  1881  2009  2046  1685  2146  1786  2054  1886  1863  2028  2194  2083  2198  2071  2021  1848  2119  1837  1798  2058  2177  2109  1929  2109  2216  1766  1969  1928  2200  1867  1809  1775  2071  2398  1888  1908  1729  2281  1827  1999  1911  2201  2335  2019  2277  2278  1972  2091  2034  2085  1957  2303  2152  1989  2135  1983  1942  2015  2273  2080  2065  2180  1710  1796  1966  1978  2093  2390  1959  2356  2097  2132  1895  2123  1993  2020  1983  1972  2058  1881
 1941  1833  1936  1538  1972  1892  2018  1888  1968  2051  1987  1835  1861  1870  1798  1933  1602  2111  2139  2038  1916  1803  2076  1730  1890  1846  2073  1845  1597  1966  2039  1972  2004  2037  2062  1805  2062  1860  1555  2132  1943  2104  1956  2021  1953  1927  2072  1867  2230  1839  1812  1846  1958  2318  2029  1823  1723  2299  1807  2019  1900  2133  2229  2107  2258  2114  2009  2026  1919  2118  2096  2107  2047  1919  2102  1910  2101  2050  2292  1835  2101  2146  1850  1940  2036  1963  2021  2246  2316  2265  1912  1925  1962  1997  1879  2013  1723  2055  2115  1965
 2397  2151  2020  1762  2271  2045  2352  1906  2065  2338  2178  2182  2033  2198  1961  2093  2020  2223  2103  2272  2116  2106  2063  1764  2149  1893  2134  1940  1890  2267  2251  2179  2229  2158  2161  1963  2232  2174  1785  2378  2168  2350  2139  2336  2291  1925  1970  2032  2418  1921  1906  1933  2081  2498  1928  1904  2004  2302  1983  2208  2135  2416  2375  2051  2544  2438  2082  2365  2198  2304  2091  2316  2260  2151  2370  2057  2120  1972  2413  2269  2125  2250  2118  1946  2090  2285  2124  2372  2348  2478  2242  2315  1969  2235  2252  2096  1893  2153  2300  1941
 2169  1926  2033  1851  2057  1863  2199  1735  1965  2123  2191  2079  1896  2007  2068  2032  1911  1969  2216  1936  1976  1858  2002  1585  2116  1870  2022  1892  1817  2177  2121  2083  2078  2102  1959  1893  2187  2147  1819  2085  1992  2204  2076  2132  2093  1829  1981  2042  2352  2127  1761  1738  2202  2401  1806  1877  1781  2123  1963  2114  1973  2325  2130  2085  2289  2167  1858  2324  2000  2115  2162  2315  2161  1870  2155  2080  2159  2040  2254  1918  2000  1990  1887  1948  1911  2171  2117  2371  2135  2415  2127  2042  2033  2125  1957  2129  2057  2008  2131  2056
 1894  1899  1982  1890  2009  1823  2163  1714  1874  2007  1864  1925  1788  1869  1956  1897  1514  2007  1964  1796  1905  1785  1833  1770  1849  1809  1865  1687  1501  2081  1878  1945  1960  1934  1800  1841  1787  1778  1457  2000  1857  1941  1945  2058  1855  1758  2040  1692  2141  1817  1512  1757  2063  2169  1749  1964  1544  2042  1724  1912  1917  1986  2160  1864  2379  2076  1762  2021  1953  2089  1846  2084  1934  1855  1916  1903  1948  1916  2057  1829  1905  2152  1688  2015  1807  1852  1972  2232  1933  2138  1970  1973  2104  1906  1686  1900  1707  1875  1889  1986
 2116  1658  1822  1716  1835  1990  1966  1753  1909  1893  1728  1904  1862  1736  1792  1850  1797  1738  1960  1893  1743  1932  1974  1607  1958  1738  1980  1931  1726  1832  1903  1979  1991  1898  1989  1912  1971  1729  1610  1982  1784  2018  1716  1973  1974  1776  1875  1765  2105  1724  1609  1662  1855  2053  1631  1745  1664  1919  1629  1818  1934  2029  1968  1903  2215  1937  1848  1955  2030  1955  1756  2211  2045  1724  1973  1796  2095  1811  2177  1928  1918  1985  1645  1817  1741  1996  1944  2096  1862  1960  1842  1999  1809  1865  1743  1982  1833  1921  1824  1843
 2113  2043  1770  1658  1983  1866  2055  1754  1927  1911  1729  1930  1700  1871  1770  1750  1552  1940  1967  2054  1855  1766  1883  1749  2026  1623  1842  1780  1684  1786  2010  1941  1972  1951  1815  1725  1842  1841  1634  2156  1894  1996  1847  1963  1803  1728  1912  1680  2162  1847  1605  1787  1812  2201  1809  1681  1728  1976  1725  1946  1849  2159  2019  1773  2344  2217  1913  2071  1831  2081  1853  2074  1980  1881  2048  1868  2131  1771  2162  1834  1995  2016  1741  1835  1802  1944  1698  2008  2033  2169  1877  1940  1843  1959  1711  1794  1769  1926  1973  1742
 2094  1821  1866  1607  1801  1802  1898  1672  1879  1923  1856  2041  1918  1804  1882  1883  1718  1896  1982  1922  1867  1957  1721  1749  1934  1693  1841  1711  1819  1807  1997  2091  2096  1852  1880  1781  1976  1880  1579  2107  1897  2094  1858  1970  2011  1553  1918  1833  2100  1803  1604  1680  1981  2219  1638  1750  1593  1863  1807  1875  1838  2123  2190  1909  2226  2102  1953  1972  1857  2098  1788  2234  2073  1867  1941  1843  1968  1889  2106  2020  1893  2008  1575  1725  1894  1920  1909  2010  1890  2201  2051  1885  1896  2068  1924  1974  2026  1861  1877  1756
 1981  1840  1688  1837  1917  1769  2057  1710  1911  2086  1934  1901  1918  1832  1785  1868  1584  1918  1948  1911  1803  1761  1885  1850  2036  1829  1949  1834  1570  1918  1950  1989  2106  2061  1943  1764  1910  1750  1655  2099  1953  2182  1889  2131  1913  1829  1904  1786  2123  1819  1542  1764  1885  2201  1712  1833  1659  2025  1754  1740  1820  2025  1962  1799  2229  2065  1931  1922  1786  2210  1774  2176  2144  1934  2039  1931  1891  1863  1979  1881  2106  2072  1615  2004  1864  1850  1904  2124  2061  2163  1945  1895  1930  2012  1762  1994  1819  1956  2076  1804
 1865  1775  1811  1750  1807  1748  2043  1624  1803  1879  1972  2104  1693  1956  1841  1809  1671  2042  2025  1832  1785  1905  1960  1570  1982  1699  1715  1757  1597  1977  1864  1987  1952  1972  2065  1844  1903  1675  1551  2039  1941  2103  1907  2066  1969  1788  1788  1805  2211  1702  1593  1705  1952  1930  1661  1904  1739  1934  1629  1777  1940  2015  2008  1935  2269  2002  1850  1934  1948  1970  1795  2104  1888  1912  2173  1645  1830  1718  2101  2007  1990  1985  1576  1844  1839  1812  1997  2208  2038  1961  1996  1959  1980  1930  1893  2048  1724  1916  1936  1911
 2314  2029  2018  1836  1947  2018  2156  1853  2126  2080  2023  2214  1816  1928  1942  1976  1870  1830  2137  2040  1987  2088  2165  1786  2153  1736  2008  1888  1744  1902  2039  2111  2151  2104  1912  2085  2075  1791  1687  2172  1934  1981  2029  2153  2055  2079  2056  1845  2280  1928  1930  1856  2016  2310  1981  1969  1893  2007  1916  2104  2073  2181  2405  1948  2239  2064  1977  2093  2007  2045  2159  2235  2175  2048  2167  1998  2103  1812  2186  1887  2029  2095  1869  2017  1903  2100  2064  2440  2203  2227  1938  2110  2012  2147  1857  2184  2014  2047  2065  2069
 2176  1975  1900  1730  1895  1894  2043  1729  2042  1910  2093  2173  1696  1824  1940  1980  1740  1837  2058  1964  1824  2053  1921  1766  2141  1835  1876  1651  1827  1893  2023  1983  1957  2045  1876  1887  1942  1886  1596  2186  1850  2057  1903  1898  2041  1799  2005  1785  2274  1789  1750  1728  2011  2183  1964  1788  1697  1952  1798  1977  1941  2231  2172  1874  2161  2042  1858  1933  1921  1975  2051  2158  2160  1984  1992  1954  1948  1883  2269  1905  1990  1888  1775  1925  1785  1914  1883  2222  2128  2177  1993  2030  1982  2003  1862  1961  1796  1986  1992  1975
 2121  1871  1960  1743  1879  1950  1971  1839  1942  2072  1929  1984  1974  1952  1849  2001  1643  1892  2207  1951  1893  1977  2006  1798  2041  1835  2039  1853  1830  1980  2100  2067  1998  2101  2006  1942  2043  1938  1663  2218  2046  2248  2148  2123  1981  1773  1921  1931  2342  1952  1770  1755  2173  2143  1771  1835  1730  2191  1813  2014  1924  2389  2171  1901  2371  2140  1945  2141  1995  2198  2186  2321  2134  1885  2028  2047  2068  1977  2343  2094  1919  2008  1940  2069  1871  1893  1860  2261  2042  2239  2002  1911  2012  2183  1926  2058  1987  1893  2085  1926
 1944  1772  1874  1624  1810  1818  2158  1698  1947  2007  1775  1851  1866  1865  1902  2018  1598  1991  1993  2059  1780  1868  1845  1642  2026  1589  1945  1790  1884  1922  2041  1989  1934  1976  1913  1699  1986  1885  1708  2051  2000  2156  2196  2088  2033  1882  1816  1906  2246  1775  1539  1632  2155  2144  1568  1882  1789  1971  1685  1912  1991  2037  2004  1983  2212  1914  1872  2115  2068  2082  1930  2126  2005  1903  2124  1640  2077  1793  2223  1874  2017  1912  1635  1789  1816  1839  1872  2101  2056  2215  2019  1862  2013  1886  1894  1897  1751  1999  1978  1923
 1930  1598  1615  1344  1717  1581  1877  1542  1721  1898  1776  1725  1781  1499  1670  1856  1684  1756  1895  1767  1829  1693  1838  1451  1665  1570  1761  1746  1507  1852  1725  1702  1891  1757  1759  1673  1764  1714  1578  1901  1844  1847  1914  1726  1909  1566  1570  1673  1988  1571  1541  1564  1780  1975  1626  1584  1737  1830  1615  1737  1714  1985  1885  1756  2260  1954  1770  1940  1703  1794  1726  1948  1951  1720  1942  1768  1829  1811  2029  1685  1947  1817  1559  1625  1661  1896  1755  1828  1846  2069  1859  1680  1721  1829  1694  1662  1784  1849  1823  1647
 2075  1965  1963  1790  1944  1881  2210  1865  2082  2084  2183  2056  2044  1904  1998  2093  1628  1938  2210  2038  1979  1947  1931  1702  2033  1887  2074  1718  1824  1944  2067  1922  2013  2016  2080  1974  1945  1784  1757  2111  1923  2165  2040  2170  2037  1832  1832  1659  2269  1779  1780  1760  1950  2219  1808  1790  1822  2002  1839  2081  1919  2179  2213  1828  2334  2173  2000  2059  1906  2060  1902  2272  2071  1797  2164  1781  1987  1988  2201  2045  2102  2000  1754  1994  1832  2086  2005  2067  1987  2285  1940  2012  1766  1954  2006  1820  1912  2174  2075  1787
 2145  1923  1979  1810  2012  1933  2371  1784  2102  2226  2167  2228  1867  1856  2110  2148  2142  2210  2257  2140  2091  2136  2291  1827  2291  2033  2141  2061  1968  2172  1989  2234  2382  2272  2122  2063  2189  2073  1848  2516  2206  2345  2201  2267  2225  1880  2105  1977  2444  1942  1881  1977  2176  2261  1903  2007  2064  2149  1837  2244  2184  2420  2313  2163  2495  2229  2012  2154  2153  2235  2107  2433  2314  2277  2197  2111  2274  2163  2421  2371  2220  2216  1983  2100  1894  2150  2190  2399  2331  2309  2223  2201  2199  2169  2213  2084  1943  2154  2232  2260
 1869  1906  1816  1649  1879  1857  1992  1724  1987  1976  1944  1939  1878  1804  1818  2004  1624  1829  2001  1868  1706  1713  1809  1707  1955  1838  1944  1985  1681  2003  1999  2068  2054  2077  1948  1874  1928  1796  1629  2088  1836  2106  1873  2046  1885  1792  1989  1837  2181  1627  1785  1671  1831  2101  1764  1672  1580  1905  1749  1815  1932  2040  2232  1932  2143  1994  1906  1821  1952  1974  1928  2072  2221  1879  2078  1833  1871  1823  2285  1956  1931  2037  1759  1840  1900  1979  2135  2095  1951  2181  1934  1900  1863  2026  1784  2041  1880  1849  2014  1882
 2045  1799  1949  1562  1896  1817  2044  1770  1958  1936  1790  1796  1800  1939  1920  1848  1601  1810  2145  1891  1599  1774  2114  1747  1963  1569  1906  1667  1660  1922  2012  1913  1954  2045  1720  1978  1956  1776  1666  1867  1891  2109  1972  1982  1732  1632  1963  1915  2183  1913  1721  1633  2015  2143  1704  1645  1625  2129  1756  1977  1925  2065  2237  1746  2284  1940  1929  2062  1983  1873  2058  2207  2077  1743  2040  1943  1911  1888  1941  1879  2040  2035  1768  1964  1843  1912  1955  2188  2013  2220  1877  1892  1950  1922  1885  1962  1816  1930  2008  1887
 2262  2062  2032  1791  2131  2029  2226  2008  2239  2250  2167  2226  2086  2184  2151  2189  1946  1928  2226  2187  2031  2171  2237  1905  2340  2038  2035  2042  1900  2203  2070  2219  2246  2236  2299  2085  2225  2057  1929  2343  2344  2266  2206  2261  2225  1986  2237  2007  2590  1955  1767  1921  2292  2424  1870  1822  1900  2067  1914  2081  2020  2377  2389  2145  2508  2280  2078  2189  2165  2308  2277  2458  2308  2157  2234  2061  2087  2154  2515  2248  2152  2288  2109  1918  2148  2278  2142  2426  2148  2337  2250  2099  2265  2197  2198  2161  2135  2100  2353  2209
 2334  2009  1981  1797  2042  1872  2223  1886  2000  2073  1980  2101  1949  1967  1959  2084  1701  2051  2049  2069  1923  2053  2099  1862  1923  1683  1915  1870  1712  2074  2167  1956  2124  2114  2014  1860  2027  1818  1667  2273  1888  2126  2098  2195  1936  1715  2108  1848  2353  1903  1694  1787  2113  2255  1803  1912  1748  2125  1920  1957  2118  2164  2297  1983  2357  2204  1968  2068  2015  2227  2111  2379  2150  2033  2236  1885  1968  1909  2177  2016  2152  2197  1910  1933  1968  1953  2107  2290  2181  2251  2084  2148  2070  2020  1978  1931  1777  1998  2242  1930
 2040  1713  1733  1653  1786  1831  1972  1776  1786  1849  1873  1827  1736  1631  1718  1912  1498  1747  2045  1662  1794  1737  1831  1678  1870  1703  1887  1654  1642  1917  1777  1803  1929  2028  1767  1629  1745  1669  1520  1962  1864  1983  2025  1848  1701  1699  1848  1672  2250  1883  1551  1714  2066  1991  1675  1836  1689  1968  1631  1864  1886  2126  1941  1814  2161  2061  1737  1997  1871  2061  1824  1961  1945  1707  1815  1858  1918  1904  2107  1767  1954  1960  1771  1823  1782  1675  1879  2165  1773  2074  1812  1909  1778  1806  1865  1753  1601  1835  1847  1981
 2551  2355  2271  1928  2332  2142  2432  2161  2194  2286  2298  2522  2104  2238  2230  2419  2056  2281  2452  2234  2271  2142  2381  1982  2322  2003  2372  2088  1996  2334  2391  2427  2370  2512  2129  2281  2223  2294  1946  2465  2237  2507  2300  2495  2181  2114  2249  2112  2575  2022  1837  2187  2250  2677  2124  1977  2009  2388  2155  2426  2408  2631  2502  2266  2747  2612  2230  2442  2318  2301  2327  2524  2446  2173  2633  2185  2390  2345  2643  2363  2366  2367  2108  2185  2268  2421  2390  2570  2414  2639  2359  2358  2272  2365  2168  2153  2177  2338  2428  2405
 2216  1964  2151  1716  2013  2017  2287  1778  2096  2159  2201  2051  1971  2075  1936  2121  1877  2108  2287  2029  2108  2074  2070  1855  1990  1760  1958  1726  1838  2193  1992  2054  2017  2148  2011  2068  2020  1962  1683  2276  1972  2331  2187  2115  2059  1795  1943  2012  2314  1934  1811  1775  2230  2241  1941  2067  1772  2133  1956  2090  1960  2226  2212  1987  2577  2169  1910  2194  1994  2121  2152  2348  2090  1910  2270  2004  2111  2065  2171  1976  1994  1974  1891  2055  1846  2201  2094  2257  2250  2415  2055  2085  2038  2091  2203  2034  1949  2105  2169  1908
 2050  1710  1875  1595  1864  1936  2126  1687  1973  1980  1967  2046  1753  1801  1721  1805  1825  1981  1985  2019  1801  1864  1956  1842  1894  1695  1918  1792  1848  1791  1916  1962  2002  1878  1917  1824  1959  1928  1513  2165  1775  2122  1868  1977  1953  1732  1884  1736  2292  1739  1609  1764  1830  2055  1744  1732  1915  1884  1695  1925  1997  2088  2170  2013  2307  2067  1954  2040  2053  2049  1968  2097  2045  2153  2076  2001  2157  1816  2136  2029  2064  1966  1742  1955  1676  1961  1808  1966  2161  2176  1944  1905  2113  1962  1935  1888  1827  1953  2100  1909
 2092  2028  1712  1691  1989  1806  1982  1647  1950  1900  1928  1932  1916  2051  1799  1925  1773  2048  2146  1806  1948  1853  1890  1776  1909  1628  1914  1749  1645  1905  2088  2237  2129  2107  1892  1840  1988  1917  1726  2073  1999  2251  2014  2125  1962  1796  2055  1826  2305  1829  1673  1727  2015  2351  1818  1919  1809  2078  1723  1953  2006  2167  2252  1909  2390  2318  1911  2196  2014  2139  2019  2181  2173  2045  2239  1950  1940  1779  2249  1844  2083  2079  1792  1935  2022  2068  2010  2087  2109  2207  1959  2019  1834  2078  1855  1915  1784  1968  2093  1966
 2346  1951  1842  1802  2055  2004  2157  2013  2113  2210  2015  2142  1897  1894  1846  2224  1931  1957  2183  2182  2110  1942  2263  1885  2112  1914  2091  1879  1753  2147  2070  2064  2200  2152  2055  2014  2105  1902  1692  2322  2072  2207  2262  2193  1996  2058  2068  1886  2316  1929  1854  1877  2177  2381  1999  1883  2038  2185  1876  2064  2083  2230  2271  2145  2414  2196  2254  2325  2020  2210  2063  2270  2245  2037  2199  2003  2004  1952  2339  2084  2137  2301  1863  2142  2119  2101  2083  2415  2201  2432  1978  2107  2094  2297  1920  2140  1899  2110  2258  2040
 2083  1993  1937  1790  1886  1882  2178  1773  1976  2230  2111  2035  1991  1855  1814  1986  1919  1963  2148  2063  2029  2000  2081  1830  2203  1891  2110  1759  1817  2193  2076  2146  2100  2177  1972  2053  2075  1909  1832  2084  2105  2178  2114  2247  2063  1801  2048  1935  2340  2041  1718  1839  2073  2289  1958  1865  1834  2134  1731  1931  1852  2271  2346  2096  2378  2115  1976  2084  2094  2136  2107  2366  2082  2031  2098  1967  1844  2138  2115  2066  2012  2200  1918  2072  2061  2020  2082  2390  2096  2254  2076  1999  2034  2155  2193  2002  1894  2011  2126  2096
 1994  1862  2015  1715  1961  1836  2147  1769  2115  1970  1922  1829  1925  1982  2032  2081  1840  1949  2020  2011  1879  1974  2073  1665  1977  1866  2114  1851  1773  1933  2105  2133  2173  2134  1970  1902  2016  1912  1692  1952  2051  2038  2028  2057  2047  1845  1994  1871  2384  1995  1637  1751  1940  2315  1615  1791  1856  2098  1751  2015  1849  2256  2395  1948  2372  2069  1940  2300  2085  2160  1849  2318  2301  2085  2013  1920  2053  2009  2325  1996  2121  2104  1746  2051  1959  2218  2001  2101  2094  2306  2085  2066  1871  2042  1987  1964  1853  2032  2120  1948
 2138  1914  1981  1698  2000  1871  2047  1707  1931  1937  1989  1982  1972  1940  1907  2078  1816  1705  2194  1985  1812  1848  1932  1788  1989  1783  1989  1745  1760  1990  1892  1950  1902  1948  1919  1906  1774  1709  1564  2160  1948  2235  1933  1890  1832  1787  2072  1815  2185  1837  1631  1707  1968  2210  1862  1754  1685  2062  1958  1975  1946  2077  2297  2052  2311  2028  1881  1979  1992  2035  2113  2392  2007  1948  2027  1913  1966  2019  2162  1892  1894  1862  1865  1889  1882  1917  2039  2200  2136  2166  1847  1896  1929  1865  1908  1874  1804  1922  2082  1980
 2265  2067  2033  1872  2071  1865  2169  1710  2138  2141  2088  2015  1911  1966  1994  2301  1891  2020  2204  2012  1982  2082  2069  1945  2039  2070  1939  1940  1881  2095  2071  2289  2305  2146  2044  1892  2109  2073  1739  2205  1930  2219  2074  2225  2311  1895  2103  1981  2260  2029  1744  1762  2190  2364  1832  1960  1761  2159  1768  2151  1980  2364  2413  2169  2447  2454  1806  2173  2083  2208  1905  2418  2275  2134  2075  2270  2212  2072  2248  2080  2118  2211  2045  2132  1931  2196  2141  2209  2143  2357  2008  2146  2065  2037  1978  2026  2028  2117  2179  2123
 2056  1825  1904  1679  1804  1846  2103  1729  2163  1954  1884  2056  1890  1765  1770  2074  1802  1738  2062  2010  1882  2039  2011  1812  2010  1823  2014  1748  1869  2007  2004  1993  2067  1984  1847  1847  2036  1670  1747  2153  1841  2035  2069  2051  1975  1805  1920  1652  2245  1650  1690  1786  1915  2154  1778  1625  1894  1871  1673  1966  1921  2093  2223  1902  2241  1971  1990  1988  1991  2046  2001  2209  2117  2033  2080  1947  1983  1786  2212  2035  2023  1955  1794  1876  1803  1876  1942  2039  1957  2052  2032  2047  1908  1993  1933  1800  1832  1901  2089  1837
 2550  2319  2132  1749  2235  2192  2337  1999  2405  2246  2157  2184  2250  2209  1923  2168  1832  2115  2316  2215  2196  2108  2218  2037  2242  2012  2182  1995  2102  2246  2087  2335  2243  2329  2196  2065  2160  2053  1936  2409  2276  2411  2140  2236  2404  2153  2399  2044  2517  2103  1858  2047  2230  2639  2116  2013  1957  2421  2000  2174  2267  2322  2661  2162  2729  2338  2234  2302  2246  2271  2224  2471  2465  2317  2325  2185  2229  2149  2540  1991  2325  2315  2023  2152  2331  2302  2194  2452  2314  2586  2258  2380  2169  2232  2097  2187  2127  2137  2347  1992
 2147  2083  1964  1865  1977  1838  2202  1955  2064  2147  1954  2101  1946  1927  1913  2040  1823  2045  2139  1958  2005  2100  2233  1684  2105  1929  2071  1889  1703  2152  1969  2105  2223  2205  2024  2056  1992  1969  1703  2078  2010  2181  1959  2186  2232  1895  1942  1854  2213  1952  1687  1776  2199  2262  1769  1914  1638  2272  1802  1971  2008  2312  2194  1938  2362  2184  1889  2230  2083  2145  2072  2258  1974  1977  2257  1821  2137  2060  2458  1977  2047  2065  1920  2006  1901  2090  2104  2390  1994  2221  2086  2051  1969  2129  1845  2071  2033  2021  2209  2118
 2356  2133  2172  1882  2124  2105  2356  2020  2257  2192  2131  2122  2044  1993  2223  2188  1881  2069  2386  2056  2138  2141  2150  1791  2055  1990  2226  2071  2095  2155  2363  2176  2341  2238  2055  2074  2286  2116  1719  2198  2156  2223  2160  2177  2225  1956  2253  1972  2425  1966  1739  1867  2134  2432  1890  1831  1883  2289  1920  2330  2230  2440  2382  2232  2512  2278  2166  2428  2233  2091  2190  2535  2472  2191  2349  2071  2244  2033  2487  2137  2232  2387  1982  2017  2070  2077  2126  2464  2060  2509  2240  2102  2233  2062  2070  2122  2138  2192  2193  2288
 2093  1928  1946  1714  2168  1923  2252  1777  2103  2130  2081  2115  2041  2112  1981  2004  1854  2046  2158  2035  2012  2149  2057  1842  2090  1848  2016  2016  1796  2021  2042  2135  2248  2035  1986  2083  2045  1996  1630  2292  2044  2286  2102  2205  2085  1992  2048  1991  2354  1795  1763  1899  2044  2313  1904  1894  2013  2185  1786  2095  2014  2283  2368  2044  2603  2292  2065  2156  2203  2280  2097  2480  2199  2098  2200  1962  1997  1870  2316  2201  2162  2201  1939  2119  2023  2143  2105  2228  2265  2435  2067  1960  2135  2207  2032  2117  2005  2071  2153  2013
 2231  1949  2084  1777  1919  1915  2264  1857  2214  2308  2142  2187  2156  1867  2251  2317  1798  2051  2242  1987  1996  2043  2088  1998  2169  1930  2127  2102  1861  2131  2205  2259  2246  2144  2121  1949  2236  2024  1973  2330  2156  2279  2233  2331  2364  1862  2134  2010  2500  2001  1848  1906  2163  2417  1867  1831  2055  2139  1989  2187  2229  2209  2372  2162  2422  2335  2079  2244  2133  2215  2186  2426  2332  2198  2322  1985  2168  2077  2311  2146  2092  2137  1879  1967  2028  2143  2323  2286  2151  2327  2148  2075  2107  2255  2038  2068  2035  2267  2135  2192
 2164  2101  2001  1758  1973  1938  2255  1885  2034  2262  2140  2116  1942  2107  1949  2092  1786  2226  2298  2073  2014  2109  2180  1998  2069  1954  2059  1920  1948  2283  2136  2282  2245  2266  2143  2007  2146  1927  1803  2329  2171  2358  2190  2294  2153  1863  2206  2010  2358  1940  1767  1865  2343  2267  1845  2001  1936  2200  1937  2038  2332  2339  2513  2179  2563  2155  1924  2086  2330  2229  2092  2523  2289  2262  2298  2034  2075  2255  2217  2256  2365  2237  1883  2039  2018  1892  2363  2396  2286  2290  2288  2261  2205  2034  2303  2161  2060  2076  2197  2230
 2196  2000  1912  1657  2063  2033  2223  1993  2208  2088  2061  2104  1993  1883  2086  1949  1789  2241  2255  2204  2054  2143  2080  1825  2134  1914  2128  1916  1799  2083  2050  2265  2283  2238  2088  2086  2195  1932  1722  2359  2235  2370  2160  2230  2239  1867  2083  2001  2370  1963  1913  1931  2181  2362  2013  2015  1887  2185  1913  2088  2120  2343  2195  2064  2536  2210  2084  2109  2150  2138  2152  2369  2303  2069  2229  2014  2126  2042  2507  2155  2158  2166  1969  1930  2023  2002  2138  2347  2232  2334  2208  2120  2074  2202  2028  2103  1885  2155  2215  2113
 2072  1837  2027  1868  1985  1837  2106  1750  2096  2011  1928  1988  1821  1977  1927  1873  1958  2024  2056  1921  1964  2012  1979  1757  2062  1867  1927  1974  1614  1915  1995  2180  2212  2068  2017  2127  2137  1982  1601  2057  2007  2090  1976  2167  2101  1786  2090  1922  2062  1904  1695  1854  2044  2259  1710  1913  1753  2088  1870  2000  2047  2179  2175  2033  2351  2161  1994  2118  2105  2198  1990  2190  2168  2026  2065  1992  1985  2014  2241  2064  2176  2283  1802  2068  1881  2071  2037  2229  2183  2276  2071  2088  2055  2088  1935  2159  1964  2085  2236  2007
 2178  1956  1971  1878  1920  1905  2279  1887  2024  2036  2010  2146  1989  1886  1915  2079  1848  2004  2269  1996  2085  1882  2005  1701  2107  1790  1948  1841  1774  2140  2104  2082  2166  2265  2114  1859  1814  1957  1826  2260  1965  2295  2101  2059  1966  2105  2026  1862  2244  1928  1625  1826  2013  2268  2037  1997  1789  2090  1941  2013  2050  2386  2287  2021  2480  2265  2049  2140  1972  2146  2058  2243  2340  1957  2244  1948  2319  2036  2386  1885  2107  2112  1865  1929  1933  2117  2091  2274  2181  2392  2061  1972  2031  2081  1948  2085  2062  2150  2188  2011
 2191  2029  1916  1832  2041  1853  2190  1811  1870  2153  2066  2190  1948  2030  1945  1990  1861  2146  2127  2029  1829  1909  1968  1843  2054  1774  1957  1871  1732  2045  2123  2031  2171  2096  1925  1977  1827  2010  1680  2175  1919  2225  2110  2197  1943  1867  2124  1884  2179  1842  1730  1772  1990  2349  1845  1852  1846  2184  1753  1986  2152  2188  2403  2036  2363  2242  2009  2123  2197  2149  1912  2306  2106  2119  2308  2029  2125  2116  2347  2111  2101  2239  1893  1954  2002  2054  2089  2383  2133  2391  2062  2232  1874  2175  1980  2078  1959  2052  2199  2077
 1979  2035  1862  1536  1961  1723  2106  1639  1846  2002  1907  1881  1798  1821  1845  1851  1689  1921  2023  1817  1939  1847  1941  1585  2072  1751  1963  1725  1733  1984  1943  1963  2000  2032  1785  1950  1806  1953  1561  2041  1953  2155  1979  2002  2001  1875  1890  1731  2102  1860  1710  1669  1924  2132  1703  1862  1645  2101  1600  2020  1870  2256  2279  1815  2298  2156  1716  2054  1951  1982  1945  2066  2080  1981  2035  1785  1941  1919  2328  2004  1998  2118  1850  1997  1780  1984  1924  2226  2042  2190  2064  1934  1826  1993  1912  1885  1904  2001  2019  1912
 2149  1852  1967  1681  1889  1766  2111  1758  1911  2033  1968  1929  1785  1974  1829  1908  1783  1826  1989  1905  1794  1983  1943  1690  1934  1822  1917  1695  1680  2252  1860  2004  1992  2054  1919  1981  1921  1810  1595  2096  2044  2039  1958  1994  2036  1780  2016  1743  2120  1875  1662  1667  2120  2155  1760  1850  1607  2097  1649  1728  1958  1969  2193  1920  2294  1912  1772  2004  1909  2001  2046  2193  2075  1802  1965  1930  1836  2060  2154  1845  1949  1981  1854  1829  1814  1919  2018  2247  2020  2149  2020  2199  1785  2048  1879  2025  1898  1780  2128  1931
 2081  2098  2191  1906  1980  2014  2269  2008  2171  2154  2183  2209  2008  1948  2020  2208  1984  2273  2306  2141  2093  1928  2155  1993  2024  1969  2209  2123  1922  2050  2211  2306  2117  2082  2158  2077  2113  2026  1652  2306  2228  2444  2222  2284  2268  1954  2101  2060  2443  2070  1785  1820  2314  2353  2005  1866  1872  2276  2057  2170  2191  2327  2351  2274  2532  2272  2145  2278  2201  2217  2183  2320  2247  2074  2191  2069  2244  1974  2365  2158  2132  2193  1898  2176  2043  2117  2195  2332  2415  2376  2094  2147  2091  2110  2021  2216  1969  2155  2261  2036
 2268  2242  1931  1845  2206  2010  2433  1848  2217  2328  2235  2282  1978  2023  2088  2203  1958  2251  2431  2172  2096  2192  2180  2014  2165  2036  2078  2085  2101  2373  2183  2214  2189  2224  2158  2001  2010  2083  1907  2667  2180  2511  2387  2207  2203  1872  2123  2129  2627  2128  1906  1715  2502  2375  1945  1961  1960  2300  1924  2340  2243  2583  2401  2270  2685  2316  2116  2353  2238  2326  2149  2430  2358  2098  2333  2159  2403  2150  2600  2136  2434  2237  2014  2201  2041  2180  2249  2315  2403  2414  2288  2174  2116  2298  2201  2202  2109  2174  2334  2184
 2346  2125  2231  1919  2228  2086  2276  1934  2213  2276  2150  2219  2159  2171  2203  2102  1915  2145  2384  2204  2132  2165  2340  1943  2208  1819  2119  1818  1977  2239  2253  2220  2227  2326  2072  2107  2217  2027  1683  2466  2327  2182  2210  2264  2189  1901  2120  2112  2513  2053  1861  1900  2202  2466  2016  2057  1817  2298  1858  2205  2067  2360  2443  2351  2561  2207  2128  2187  2043  2270  2208  2535  2388  2042  2386  2072  2325  2215  2399  2165  2223  2364  1973  2008  2041  2106  2223  2508  2429  2320  2246  2165  2049  2301  1935  2323  2160  2215  2230  2106
 2019  1861  1858  1505  2041  1775  2069  1722  1998  2095  1820  1998  2000  2001  1829  2066  1633  1958  2115  1860  1788  1903  1980  1742  2154  1768  1990  2000  1614  1990  1911  2021  1958  1975  2068  1734  1868  1853  1791  2089  1876  2116  1979  2226  1979  1812  2085  1837  2288  1874  1668  1834  1907  2232  1612  1724  1789  1942  1779  1966  1968  2023  2231  2001  2255  2183  1965  1957  2063  2241  1919  2213  2034  1900  1983  1789  1993  1948  2178  2016  2126  2070  1821  1981  1895  1876  1987  2280  2129  2257  1872  1943  1986  2111  1892  1878  1679  1999  2070  2018
 2058  1865  1952  1788  1848  1968  2134  1629  1947  1960  1958  1895  1920  1928  1987  2018  1857  2005  2130  1985  1835  1874  2060  1764  1954  1708  1974  1811  1680  1900  2028  2034  2024  1976  1945  1796  2066  1797  1483  2086  1905  1946  2131  2110  2001  1823  1911  1846  2234  1802  1821  1634  2048  2141  1787  1826  1662  1979  1907  1925  2000  2133  2051  1804  2143  1979  1707  2023  2079  2008  2016  2181  1987  1909  2096  1955  2052  1867  2110  1876  1979  1879  1793  1862  1755  2001  1922  2210  2126  2089  1872  1888  1867  2021  1866  1968  1850  1990  2023  1910
 2112  1953  1880  1722  1905  1866  2033  1715  1920  1949  1862  2021  1728  1820  1879  1903  1801  2027  2063  1976  1870  1913  2085  1614  1975  1832  2086  1844  1815  1965  2070  2167  2216  2071  1869  1847  2143  1947  1622  2080  2207  2255  1857  2060  2100  1950  1952  1863  2177  1894  1757  1769  2035  2228  1768  1851  1733  2210  1622  1926  1922  2337  2124  1987  2338  2090  1856  2079  2021  2058  1977  2229  2165  1881  2017  1930  1984  1809  2146  2013  2070  2114  1734  2028  1944  1960  2032  2284  2116  2150  2106  2059  2046  1980  1778  1964  1916  1948  1965  1937
 2037  1754  1893  1658  1860  1671  2168  1617  1950  1942  1634  1908  1863  1927  1850  2003  1686  1767  2012  1813  1685  2006  1944  1615  2119  1696  1844  1693  1727  2074  1836  1923  1930  2008  1814  1950  1924  1868  1622  1944  1788  2027  1746  1904  1937  1566  2061  1815  2027  1524  1362  1710  1803  2100  1525  1637  1749  2034  1541  1892  1866  1933  2111  1858  2174  2030  1946  2070  1970  1911  1858  2173  1855  1906  2102  1755  1891  1883  2171  2089  2025  2066  1650  1859  1805  1920  1965  2138  1824  2178  2012  1931  1969  1825  2039  1842  1725  1986  1958  1966
 2018  1945  1998  1741  1828  1878  2317  1839  2001  2048  1894  2060  1833  1947  1939  1984  1797  1987  2136  1862  1943  1999  1964  1732  2003  1773  2021  1840  1793  2106  1950  2075  2242  2196  1869  1993  2039  1918  1764  2188  2070  2168  2157  1963  2043  1801  1993  1946  2221  1919  1636  1679  2172  2225  1894  1924  1815  2188  1667  1865  1975  2349  2255  1900  2356  2234  1883  2058  2120  2106  1932  2258  2157  1872  2053  2054  1970  1979  2249  1960  2014  2026  1834  2085  1970  1963  2008  2197  2113  2311  2090  1990  1981  2038  2051  2042  1987  1958  1926  2006
 2218  1878  2115  1835  2014  1904  2285  1790  2072  2250  2180  2187  2048  1992  2165  2275  1903  1930  2162  2018  1862  1833  2067  1947  2059  1868  1825  1918  1778  2157  2138  2258  2293  2241  2079  1913  2112  2076  1801  2213  2130  2346  2111  2349  2093  1779  2222  1975  2412  1996  1853  1779  2199  2295  1785  1999  1984  2142  1970  2147  2253  2200  2454  1971  2395  2207  1966  2108  2056  2115  2069  2447  2344  2234  2211  2194  2150  2161  2173  2107  2190  2020  1921  1869  1890  2183  2296  2248  2230  2319  2142  2104  2054  2090  2087  2214  2104  2022  2162  2266
 2248  2178  2159  2014  2127  2100  2362  2001  2183  2389  2107  2164  1991  2030  2274  2164  1796  2260  2167  2368  2160  2048  2363  1900  2168  1884  2216  1905  1796  2185  2245  2307  2193  2293  2101  2189  2180  2058  1939  2317  1915  2242  2102  2442  2199  2109  2188  1950  2462  2203  2092  1985  2232  2557  2058  2100  1982  2288  1961  2125  2113  2342  2543  2173  2638  2425  2022  2371  2162  2199  2280  2516  2337  2111  2347  2193  2151  2206  2473  2028  2232  2244  1868  2230  2053  2398  2219  2478  2322  2461  2158  2359  2160  2229  1990  2167  1974  2225  2318  2169
 2069  1959  2034  1887  2047  2049  2170  1869  2040  2005  1985  1999  2044  2078  2052  2107  1746  2017  2258  2107  1824  1862  2055  1854  2159  1925  1984  2022  1781  2162  2165  2091  2137  2144  2130  1967  2005  1958  1819  2140  2134  2296  2213  2184  2117  1920  2169  1964  2417  1971  1709  1823  2086  2207  1821  1966  1774  2175  1881  2054  2052  2195  2273  2059  2435  2095  2017  2093  2192  2161  1973  2386  2197  1925  2108  2055  2169  1974  2396  2016  2092  2280  1922  2015  1991  1968  2074  2258  2100  2382  2104  1904  2046  1987  2138  2157  1973  2149  2082  2002
 2039  1904  1721  1682  1763  1731  2081  1631  1960  2019  1833  1784  1727  1679  1811  1977  1661  1872  1933  1948  1842  1830  1934  1624  1978  1871  1987  1905  1561  2073  1960  2027  1943  1849  1832  1833  2081  1799  1735  2011  1819  2062  1891  2066  2177  1863  1882  1771  2087  1764  1798  1631  1921  2198  1653  1576  1675  1983  1767  1947  1916  2145  1927  1928  2136  2107  1771  2069  1912  1845  1893  2041  1994  1854  2029  1766  1820  1758  2147  1841  1847  2028  1800  1905  1836  1933  1765  2145  1871  2166  1883  1882  1955  1980  1823  1759  1711  1851  2020  1856
 2107  2095  2041  1813  2012  1985  2087  1984  2105  2203  2085  2085  1969  1946  1905  2094  1856  2081  2260  2057  2034  1949  2144  1928  2052  1946  2131  1890  1733  2009  1926  2335  2225  2225  1960  1993  2061  1910  1650  2263  2223  2269  1969  2028  2232  1949  1953  2094  2264  2041  1641  1832  2268  2444  1914  2077  1749  2198  1876  2047  2077  2330  2402  2280  2422  2263  1898  2174  1971  2148  1993  2381  2288  2041  2291  2022  2205  1949  2351  1957  2049  2219  1850  1983  2133  2193  2146  2233  2291  2274  2058  1942  2023  1996  1923  2177  2183  2104  2133  2015
 2075  1847  1879  1629  1983  1829  2101  1790  1977  2235  2136  1927  1937  1884  1922  2167  1851  2174  2083  1937  1984  1962  2284  1764  2097  1878  2137  1973  1878  2004  2163  2182  2251  2141  1960  1866  2294  2068  1727  2131  2079  2231  1882  2234  2141  1895  2006  2228  2212  1936  1874  1836  2158  2479  1831  1819  1825  2342  1886  2060  2076  2207  2092  2158  2375  2293  2075  2116  2090  2278  2057  2323  2211  2177  2259  2016  2029  1948  2328  2107  2198  2156  1763  2025  1932  2174  2098  2321  2205  2418  2123  2014  2162  2186  1982  2151  1930  2045  1989  2072
 2114  2045  1856  1576  1948  1821  2081  1819  2003  2019  2015  2206  1757  2011  1789  2130  1853  1977  2022  2016  1910  1865  2091  1542  2105  1960  1981  1784  1894  2002  1973  2004  2055  2063  2023  1829  2139  1857  1581  2134  1971  2090  1705  2124  2116  1864  1993  1949  1982  1641  1671  1753  1938  2287  1774  1717  1668  2148  1783  2098  1992  2059  2202  2014  2121  2111  1994  2101  1844  2044  1770  2149  2035  1944  2282  1740  2071  1841  2288  2130  1937  2143  1725  1807  1956  2125  2077  2401  2105  2201  1996  2114  1915  1933  1884  2016  1867  2021  1908  1849
 2099  1854  1949  1588  1848  1825  2260  1874  2131  2025  1796  1900  1712  1959  1935  1928  1713  1928  1939  2061  1829  1879  2052  1662  1968  1770  1929  1758  1625  1976  2007  2143  2152  2004  1921  1934  2132  1869  1751  1978  2021  2079  1757  2152  2035  1711  2033  1824  2174  1835  1613  1766  1831  2296  1730  1842  1750  1964  1786  1937  1941  2060  2123  1911  2206  2108  1870  2106  1846  2011  1835  2231  2154  2035  2087  1879  2025  1806  1993  2030  2023  2021  1758  1841  1835  2080  1864  2017  2047  2189  2020  1970  2045  1916  1857  1941  1852  1930  2036  1903
 2082  1769  1880  1779  1891  1769  2178  1822  2024  2144  1949  1976  1945  1979  2000  1959  1647  2112  2142  2196  1827  1961  2107  1809  1915  1609  1949  1797  1762  2141  2139  2012  2018  2007  2053  1826  2018  1921  1761  2250  2039  2196  2154  2058  2002  1742  2030  1970  2316  1894  1730  1662  2136  2129  1846  1916  1851  2279  1695  1890  2096  2144  2234  2053  2462  2301  1974  2092  2065  2116  2042  2377  2110  2012  2079  2021  2066  1939  2210  1934  2101  2161  1886  1940  1915  1946  2045  2170  2126  2357  2126  1950  2160  2008  2032  2043  1915  1907  2203  1983
 2198  1945  1991  1840  1870  1788  2114  1744  1974  2060  2033  2071  1707  1828  1881  1989  1963  1927  2117  1927  1908  1827  1838  1759  1962  1863  1954  1851  1690  1997  2092  2132  2097  1994  2056  1882  1998  2000  1610  2092  1957  2190  2004  2159  2098  1631  2081  1818  2192  1928  1623  1667  2076  2331  1839  1728  1837  1953  1833  2010  1986  2262  2157  2053  2157  2067  1913  2209  1967  2184  1916  2277  2072  2031  1889  2011  2106  2041  2238  1937  1972  1926  1778  1951  1703  2111  1999  2065  2118  2113  1910  2174  1878  1835  1911  1956  1853  2030  2039  2015
 2470  2226  2178  1861  2099  2018  2214  1950  2144  2207  2003  2323  2043  2089  1985  2171  1899  2000  2160  2169  2130  2125  2139  1991  2195  1993  2188  1975  2064  2369  2341  2181  2164  2107  2287  1936  2297  1886  1738  2356  2320  2303  2209  2300  2175  2030  2238  1976  2418  2148  1755  2057  2298  2465  1902  1862  1904  2290  2099  2102  2182  2408  2398  2254  2576  2115  2233  2412  2157  2421  2215  2620  2343  2256  2111  2052  2261  2091  2408  2171  2139  2285  1951  2016  2151  1938  2182  2569  2407  2412  2241  2241  2214  2295  2004  2166  2217  2041  2229  2084
 2198  2006  2186  1773  2089  2003  2274  1997  2281  2163  2176  2348  1938  2115  2151  2174  1841  2294  2232  2414  2148  1956  2197  1950  2024  1992  2198  1850  1899  2205  2297  2365  2234  2246  2008  2092  2100  2110  1858  2360  2138  2448  2143  2196  2300  2099  2074  2015  2388  2123  1854  1904  2271  2537  1920  2055  2013  2286  2056  2145  2089  2319  2466  2250  2665  2284  1978  2369  2150  2292  2114  2472  2405  2016  2193  2148  2374  2191  2536  2108  2151  2231  1909  2146  2150  2284  2156  2184  2489  2437  2297  2065  2249  2048  2156  2168  2060  2187  2312  2018
